ANKRD37	101	7	94	Ankrd37	35	6	29	123
NDRG1	104	5	99	Ndrg1	22	2	20	119
BNIP3	92	5	87	Bnip3	33	1	32	119
P4HA1	92	5	87	P4ha1	27	2	25	112
DDIT4	94	9	85	Ddit4	29	2	27	112
VEGFA	92	6	86	Vegfa	23	0	23	109
FAM162A	82	6	76	Fam162a	30	1	29	105
SLC2A1	88	7	81	Slc2a1	28	5	23	104
P4HA2	83	4	79	P4ha2	27	2	25	104
PDK1	80	7	73	Pdk1	32	2	30	103
AK4	82	9	73	Ak4	31	2	29	102
PGK1	78	5	73	Pgk1	30	3	27	100
EGLN3	82	9	73	Egln3	29	2	27	100
ALDOC	93	9	84	Aldoc	17	2	15	99
MXI1	88	6	82	Mxi1	16	1	15	97
ENO2	99	5	94	Eno2	13	11	2	96
CA9	88	10	78	Car9	21	5	16	94
ANGPTL4	98	6	92	Angptl4	8	6	2	94
ADM	83	7	76	Adm	20	3	17	93
TMEM74B	76	7	69	Tmem74b	24	1	23	92
HK2	82	8	74	Hk2	21	3	18	92
EGLN1	69	4	65	Egln1	27	0	27	92
BNIP3L	84	5	79	Bnip3l	12	0	12	91
KDM3A	78	5	73	Kdm3a	18	1	17	90
C4orf47